-12000.0
-1800.0
-1775.0
-1750.0
-1725.0
-1700.0
-1675.0
-1650.0
-1625.0
-1600.0
-1575.0
-1550.0
-1525.0
-1500.0
-1475.0
-1450.0
-1425.0
-1400.0
-1375.0
-1350.0
-1325.0
-1300.0
-1275.0
-1250.0
-1225.0
-1200.0
-1175.0
-1150.0
-1125.0
-1100.0
-1075.0
-1050.0
-1025.0
-1000.0
-975.0
-950.0
-925.0
-900.0
-875.0
-850.0
-825.0
-800.0
-775.0
-750.0
-725.0
-700.0
-675.0
-650.0
-625.0
-600.0
-575.0
-550.0
-525.0
-500.0
-475.0
-450.0
-425.0
-400.0
-375.0
-350.0
-325.0
-300.0
-275.0
-250.0
-225.0
-200.0
-175.0
-150.0
-125.0
-100.0
-75.0
-50.0
-25.0
0.0
25.0
50.0
75.0
100.0
125.0
150.0
175.0
200.0
225.0
250.0
275.0
300.0
325.0
350.0
375.0
400.0
425.0
450.0
475.0
500.0
525.0
550.0
575.0
600.0
625.0
650.0
675.0
700.0
725.0
750.0
775.0
800.0
825.0
850.0
875.0
900.0
925.0
950.0
975.0
1000.0
1025.0
1050.0
1075.0
1100.0
1125.0
1150.0
1175.0
1200.0
1225.0
1250.0
1275.0
1300.0
1325.0
1350.0
1375.0
1400.0
1425.0
